#Procedure: <__main__.MultimeterProcedure>
#Parameters:
#	Delay Time: 0.2 s
#	Loop Iterations: 20
#Data:
Iteration,Voltage
0.0,-0.0413889487
0.001,-0.0368244092
0.002,-0.0316045901
0.003,-0.0262098397
0.004,-0.02092375
0.005,-0.0157427089
0.006,-0.0102558484
0.007,-0.00516674981
0.008,-0.000312465905
0.009000000000000001,0.00348438496
0.01,0.0102416791
0.011,0.0149588091
0.012,0.0188894697
0.013000000000000001,0.0237473816
0.014,0.0292975929
0.015,0.034672484
0.016,0.03989846
0.017,0.04512702
0.018000000000000002,0.05065889
0.019,0.0555106618
